1538556949
1538558262
1538559613
1538560994
1538562419
1538563868
1538565356
1538566873
1538568458
1538570106
1538571833
1538573619
1538575475
1538577392
1538579408
1538581495
1538583671
1538585929
1538588277
1538590737
1538593237
1538595870
1538598663
1538601537
1538604507
1538607602
1538610818
1538614121
1538617557
1538621053
1538624706
1538628459
1538632349
1538636368
1538640521
1538644736
1538649029
1538658863
1538663460
1538668153
1538672862
1538677810
1538682773
1538687766
1538692843
1538697970
1538703154
1538708366
