1538556040
1538557265
1538559256
1538561923
1538565004
1538568447
1538572011
1538575619
1538579255
1538583038
1538586825
1538590668
1538594643
1538598601
1538602574
1538606488
1538610483
1538614416
1538618143
1538621996
1538625918
1538629773
1538633673
1538637521
1538641390
1538645355
1538649245
1538653128
1538657034
1538660951
1538664934
1538668863
1538672785
1538676789
1538680735
1538684550
1538688433
1538692305
1538696086
1538699869
1538703828
1538707571
1538711384
1538715191
1538718944
1538722701
1538726473
1538730122
1538733842
1538737636
1538741307
1538744990
1538748553
1538752179
1538755806
1538759513
1538763155
1538766879
1538770647
1538774352
1538777982
1538781607
1538785260
1538788872
1538792478
1538796162
1538799751
1538803351
1538807093
1538810672
1538814356
1538817985
1538821617
1538825242
1538828861
1538832592
1538836251
1538839891
1538843469
1538847136
1538850760
1538854465
1538858133
1538861772
1538865392
1538868951
1538872552
1538876265
1538879816
1538883397
1538887009
1538890576
1538894199
1538897950
1538901621
1538905270
1538908904
1538912562
1538916202
1538919861
1538923517
1538927150
1538930732
1538934458
1538938121
1538941820
1538945566
1538949234
1538952852
1538956464
1538960118
1538963729
1538967366
1538971009
1538974597
1538978174
